 80.0006 0
 80.0002 1
 79.9997 2
 79.9993 3
 79.9989 4
 79.9985 5
 79.9981 6
 79.9976 7
 79.9972 8
 79.9968 9
 79.9964 10
 79.9960 11
 79.9955 12
 79.9951 13
 79.9947 14
 79.9943 15
 79.9939 16
 79.9934 17
 79.9930 18
 79.9926 19
 79.9922 20
 79.9918 21
 79.9913 22
 79.9909 23
 79.9905 24
 79.9901 25
 79.9897 26
 79.9893 27
 79.9888 28
 79.9884 29
 79.9880 30
 79.9876 31
 79.9872 32
 79.9867 33
 79.9863 34
 79.9859 35
 79.9855 36
 79.9851 37
 79.9846 38
 79.9842 39
 79.9838 40
 79.9834 41
 79.9830 42
 79.9825 43
 79.9821 44
 79.9817 45
 79.9813 46
 79.9809 47
 79.9804 48
 79.9800 49
 79.9796 50
 79.9792 51
 79.9788 52
 79.9783 53
 79.9779 54
 79.9775 55
 79.9771 56
 79.9767 57
 79.9762 58
 79.9758 59
 79.9754 60
 79.9750 61
 79.9746 62
 79.9741 63
 79.9737 64
 79.9733 65
 79.9729 66
 79.9725 67
 79.9720 68
 79.9716 69
 79.9712 70
 79.9708 71
 79.9704 72
 79.9699 73
 79.9695 74
 79.9691 75
 79.9687 76
 79.9683 77
 79.9678 78
 79.9674 79
 79.9670 80
 79.9666 81
 79.9662 82
 79.9658 83
 79.9653 84
 79.9649 85
 79.9645 86
 79.9641 87
 79.9637 88
 79.9632 89
 79.9628 90
 79.9624 91
 79.9620 92
 79.9616 93
 79.9611 94
 79.9607 95
 79.9603 96
 79.9599 97
 79.9595 98
 79.9590 99
 79.9586 100
 79.9582 101
 79.9578 102
 79.9574 103
 79.9569 104
 79.9565 105
 79.9561 106
 79.9557 107
 79.9553 108
 79.9548 109
 79.9544 110
 79.9540 111
 79.9536 112
 79.9532 113
 79.9527 114
 79.9523 115
 79.9519 116
 79.9515 117
 79.9511 118
 79.9506 119
 79.9502 120
 79.9498 121
 79.9494 122
 79.9490 123
 79.9485 124
 79.9481 125
 79.9477 126
 79.9473 127
 79.9469 128
 79.9464 129
 79.9460 130
 79.9456 131
 79.9452 132
 79.9448 133
 79.9444 134
 79.9439 135
 79.9435 136
 79.9431 137
 79.9427 138
 79.9423 139
 79.9418 140
 79.9414 141
 79.9410 142
 79.9406 143
 79.9402 144
 79.9397 145
 79.9393 146
 79.9389 147
 79.9385 148
 79.9381 149
 79.9376 150
 79.9372 151
 79.9368 152
 79.9364 153
 79.9360 154
 79.9355 155
 79.9351 156
 79.9347 157
 79.9343 158
 79.9339 159
 79.9334 160
 79.9330 161
 79.9326 162
 79.9322 163
 79.9318 164
 79.9313 165
 79.9309 166
 79.9305 167
 79.9301 168
 79.9297 169
 79.9292 170
 79.9288 171
 79.9284 172
 79.9280 173
 79.9276 174
 79.9271 175
 79.9267 176
 79.9263 177
 79.9259 178
 79.9255 179
 79.9250 180
 79.9246 181
 79.9242 182
 79.9238 183
 79.9234 184
 79.9230 185
 79.9225 186
 79.9221 187
 79.9217 188
 79.9213 189
 79.9209 190
 79.9204 191
 79.9200 192
 79.9196 193
 79.9192 194
 79.9188 195
 79.9183 196
 79.9179 197
 79.9175 198
 79.9171 199
 79.9167 200
 79.9162 201
 79.9158 202
 79.9154 203
 79.9150 204
 79.9146 205
 79.9141 206
 79.9137 207
 79.9133 208
 79.9129 209
 79.9125 210
 79.9120 211
 79.9116 212
 79.9112 213
 79.9108 214
 79.9104 215
 79.9099 216
 79.9095 217
 79.9091 218
 79.9087 219
 79.9083 220
 79.9078 221
 79.9074 222
 79.9070 223
 79.9066 224
 79.9062 225
 79.9057 226
 79.9053 227
 79.9049 228
 79.9045 229
 79.9041 230
 79.9036 231
 79.9032 232
 79.9028 233
 79.9024 234
 79.9020 235
 79.9016 236
 79.9011 237
 79.9007 238
 79.9003 239
 79.8999 240
 79.8995 241
 79.8990 242
 79.8986 243
 79.8982 244
 79.8978 245
 79.8974 246
 79.8969 247
 79.8965 248
 79.8961 249
 79.8957 250
 79.8953 251
 79.8948 252
 79.8944 253
 79.8940 254
 79.8936 255
 79.8932 256
 79.8927 257
 79.8923 258
 79.8919 259
 79.8915 260
 79.8911 261
 79.8906 262
 79.8902 263
 79.8898 264
 79.8894 265
 79.8890 266
 79.8885 267
 79.8881 268
 79.8877 269
 79.8873 270
 79.8869 271
 79.8864 272
 79.8860 273
 79.8856 274
 79.8852 275
 79.8848 276
 79.8843 277
 79.8839 278
 79.8835 279
 79.8831 280
 79.8827 281
 79.8822 282
 79.8818 283
 79.8814 284
 79.8810 285
 79.8806 286
 79.8801 287
 79.8797 288
 79.8793 289
 79.8789 290
 79.8785 291
 79.8781 292
 79.8776 293
 79.8772 294
 79.8768 295
 79.8764 296
 79.8760 297
 79.8755 298
 79.8751 299
 79.8747 300
 79.8743 301
 79.8739 302
 79.8734 303
 79.8730 304
 79.8726 305
 79.8722 306
 79.8718 307
 79.8713 308
 79.8709 309
 79.8705 310
 79.8701 311
 79.8697 312
 79.8692 313
 79.8688 314
 79.8684 315
 79.8680 316
 79.8676 317
 79.8671 318
 79.8667 319
 79.8663 320
 79.8659 321
 79.8655 322
 79.8650 323
 79.8646 324
 79.8642 325
 79.8638 326
 79.8634 327
 79.8629 328
 79.8625 329
 79.8621 330
 79.8617 331
 79.8613 332
 79.8608 333
 79.8604 334
 79.8600 335
 79.8596 336
 79.8592 337
 79.8587 338
 79.8583 339
 79.8579 340
 79.8575 341
 79.8571 342
 79.8567 343
 79.8562 344
 79.8558 345
 79.8554 346
 79.8550 347
 79.8546 348
 79.8541 349
 79.8537 350
 79.8533 351
 79.8529 352
 79.8525 353
 79.8520 354
 79.8516 355
 79.8512 356
 79.8508 357
 79.8504 358
 79.8499 359
 79.8495 360
 79.8491 361
 79.8487 362
 79.8483 363
 79.8478 364
 79.8474 365
 79.8470 366
 79.8466 367
 79.8462 368
 79.8457 369
 79.8453 370
 79.8449 371
 79.8445 372
 79.8441 373
 79.8436 374
 79.8432 375
 79.8428 376
 79.8424 377
 79.8420 378
 79.8415 379
 79.8411 380
 79.8407 381
 79.8403 382
 79.8399 383
 79.8394 384
 79.8390 385
 79.8386 386
 79.8382 387
 79.8378 388
 79.8373 389
 79.8369 390
 79.8365 391
 79.8361 392
 79.8357 393
 79.8353 394
 79.8348 395
 79.8344 396
 79.8340 397
 79.8336 398
 79.8332 399
 79.8327 400
 79.8323 401
 79.8319 402
 79.8315 403
 79.8311 404
 79.8306 405
 79.8302 406
 79.8298 407
 79.8294 408
 79.8290 409
 79.8285 410
 79.8281 411
 79.8277 412
 79.8273 413
 79.8269 414
 79.8264 415
 79.8260 416
 79.8256 417
 79.8252 418
 79.8248 419
 79.8243 420
 79.8239 421
 79.8235 422
 79.8231 423
 79.8227 424
 79.8222 425
 79.8218 426
 79.8214 427
 79.8210 428
 79.8206 429
 79.8201 430
 79.8197 431
 79.8193 432
 79.8189 433
 79.8185 434
 79.8180 435
 79.8176 436
 79.8172 437
 79.8168 438
 79.8164 439
 79.8159 440
 79.8155 441
 79.8151 442
 79.8147 443
 79.8143 444
 79.8139 445
 79.8134 446
 79.8130 447
 79.8126 448
 79.8122 449
 79.8118 450
 79.8113 451
 79.8109 452
 79.8105 453
 79.8101 454
 79.8097 455
 79.8092 456
 79.8088 457
 79.8084 458
 79.8080 459
 79.8076 460
 79.8071 461
 79.8067 462
 79.8063 463
 79.8059 464
 79.8055 465
 79.8050 466
 79.8046 467
 79.8042 468
 79.8038 469
 79.8034 470
 79.8029 471
 79.8025 472
 79.8021 473
 79.8017 474
 79.8013 475
 79.8008 476
 79.8004 477
 79.8000 478
 79.7996 479
 79.7992 480
 79.7987 481
 79.7983 482
 79.7979 483
 79.7975 484
 79.7971 485
 79.7966 486
 79.7962 487
 79.7958 488
 79.7954 489
 79.7950 490
 79.7945 491
 79.7941 492
 79.7937 493
 79.7933 494
 79.7929 495
 79.7924 496
 79.7920 497
 79.7916 498
 79.7912 499
 79.7908 500
 79.7904 501
 79.7899 502
 79.7895 503
 79.7891 504
 79.7887 505
 79.7883 506
 79.7878 507
 79.7874 508
 79.7870 509
 79.7866 510
 79.7862 511
 79.7857 512
 79.7853 513
 79.7849 514
 79.7845 515
 79.7841 516
 79.7836 517
 79.7832 518
 79.7828 519
 79.7824 520
 79.7820 521
 79.7815 522
 79.7811 523
 79.7807 524
 79.7803 525
 79.7799 526
 79.7794 527
 79.7790 528
 79.7786 529
 79.7782 530
 79.7778 531
 79.7773 532
 79.7769 533
 79.7765 534
 79.7761 535
 79.7757 536
 79.7752 537
 79.7748 538
 79.7744 539
 79.7740 540
 79.7736 541
 79.7731 542
 79.7727 543
 79.7723 544
 79.7719 545
 79.7715 546
 79.7710 547
 79.7706 548
 79.7702 549
 79.7698 550
 79.7694 551
 79.7690 552
 79.7685 553
 79.7681 554
 79.7677 555
 79.7673 556
 79.7669 557
 79.7664 558
 79.7660 559
 79.7656 560
 79.7652 561
 79.7648 562
 79.7643 563
 79.7639 564
 79.7635 565
 79.7631 566
 79.7627 567
 79.7622 568
 79.7618 569
 79.7614 570
 79.7610 571
 79.7606 572
 79.7601 573
 79.7597 574
 79.7593 575
 79.7589 576
 79.7585 577
 79.7580 578
 79.7576 579
 79.7572 580
 79.7568 581
 79.7564 582
 79.7559 583
 79.7555 584
 79.7551 585
 79.7547 586
 79.7543 587
 79.7538 588
 79.7534 589
 79.7530 590
 79.7526 591
 79.7522 592
 79.7517 593
 79.7513 594
 79.7509 595
 79.7505 596
 79.7501 597
 79.7496 598
 79.7492 599
 79.7488 600
 79.7484 601
 79.7480 602
 79.7476 603
 79.7471 604
 79.7467 605
 79.7463 606
 79.7459 607
 79.7455 608
 79.7450 609
 79.7446 610
 79.7442 611
 79.7438 612
 79.7434 613
 79.7429 614
 79.7425 615
 79.7421 616
 79.7417 617
 79.7413 618
 79.7408 619
 79.7404 620
 79.7400 621
 79.7396 622
 79.7392 623
 79.7387 624
 79.7383 625
 79.7379 626
 79.7375 627
 79.7371 628
 79.7366 629
 79.7362 630
 79.7358 631
 79.7354 632
 79.7350 633
 79.7345 634
 79.7341 635
 79.7337 636
 79.7333 637
 79.7329 638
 79.7324 639
